object fDatePeriod: TfDatePeriod
  Left = 375
  Top = 308
  Width = 291
  Height = 142
  Caption = #1055#1077#1088#1080#1086#1076' '#1086#1090#1095#1077#1090#1072
  Color = clBtnFace
  Font.Charset = DEFAULT_CHARSET
  Font.Color = clWindowText
  Font.Height = -11
  Font.Name = 'MS Sans Serif'
  Font.Style = []
  OldCreateOrder = False
  OnShow = FormShow
  PixelsPerInch = 96
  TextHeight = 13
  object Label1: TLabel
    Left = 16
    Top = 28
    Width = 6
    Height = 13
    Caption = #1089
  end
  object Label2: TLabel
    Left = 136
    Top = 28
    Width = 12
    Height = 13
    Caption = #1087#1086
  end
  object BitBtn1: TBitBtn
    Left = 48
    Top = 80
    Width = 82
    Height = 28
    TabOrder = 0
    Kind = bkOK
  end
  object BitBtn2: TBitBtn
    Left = 152
    Top = 80
    Width = 82
    Height = 28
    TabOrder = 1
    Kind = bkCancel
  end
  object e_Date1: TDateTimePicker
    Left = 32
    Top = 24
    Width = 97
    Height = 21
    Date = 37872.632903761570000000
    Time = 37872.632903761570000000
    TabOrder = 2
  end
  object e_Date2: TDateTimePicker
    Left = 152
    Top = 24
    Width = 97
    Height = 21
    Date = 37872.632903761570000000
    Time = 37872.632903761570000000
    TabOrder = 3
  end
end
